21401	5264	42.617	152.583
21413	5874	30.528	152.123
21414	5431	48.937	178.251
21415	4681	50.176	171.849
21416	5600	48.042	163.486
21418	5500	38.718	148.698
21419	5285	44.455	155.735
43412	3232	16.031	252.9990
43413	3600	10.840	259.9150
46408	5382	49.624	190.15
46402	4760	51.068	195.9950
46403	4510	52.649	203.079
46409	4210	55.300	211.508
52402	5708	11.882	154.111	
52403	4489	4.032	145.596
52405	5695	12.881	132.334
51407	4710	19.620	203.489
51406	4450	-8.480	234.97
52406	1849	-5.293	165.002
54401	5836	-33.003	187.013
32411	3297	4.936	269.347
32412	4364	-17.972	273.608
32413	3894	-7.4003	266.5011
46404	2775	45.858	231.203
46407	3500	42.595  231.106
46411	4302	39.328	232.987
46412	3776	32.455	239.443
