      42.617      152.583
      30.528      152.123
      48.937      178.251
      50.176      171.849
      48.042      163.486
      38.718      148.698
      44.455      155.735
      16.031     252.9990
      10.840     259.9150
      49.624       190.15
      51.068     195.9950
      52.649      203.079
      55.300      211.508
      11.882      154.111
       4.032      145.596
      12.881      132.334
      19.620      203.489
      -8.480       234.97
      -5.293      165.002
     -33.003      187.013
       4.936      269.347
     -17.972      273.608
     -7.4003     266.5011
      45.858      231.203
      42.595      231.106
      39.328      232.987
      32.455      239.443
